34 35 29 0
0 19 1
19 20 1
20 21 1
21 1 1
0 22 1
22 23 1
23 2 1
3 24 1
24 25 1
25 1 1
3 26 1
26 27 1
27 28 1
28 5 1
4 29 1
29 2 1
4 30 1
30 31 1
31 32 1
32 33 1
33 5 1
6 5 1
7 16 1
16 6 1
8 17 1
17 18 1
18 5 1
7 8 1
9 1 3
10 2 2
11 3 2
12 4 2
13 5 2
14 6 2
15 7 2
0 19 1
19 20 1
20 21 1
21 1 1
0 22 1
22 23 1
23 2 1
3 24 1
24 25 1
25 1 1
3 26 1
26 27 1
27 28 1
28 5 1
4 29 1
29 2 1
4 30 1
30 31 1
31 32 1
32 33 1
33 5 1
6 5 1
7 16 1
16 6 1
8 17 1
17 18 1
18 5 1
12 4 1
14 6 1