58 0 71 0
0
16
1
1
0
0
2
1
0
0
3
1
0
0
4
1
0
0
5
1
0
0
6
1
0
0
7
1
0
0
8
1
0
0
9
1
0
0
10
1
0
0
11
1
0
0
12
1
0
0
13
1
0
0
14
1
0
0
0 1 17
2 1 3
4 2 2
4 3 1
5 2 1
5 3 1
6 1 4
8 6 3
8 7 1
9 6 1
9 7 1
10 1 5
12 10 4
12 11 1
13 10 1
13 11 1
14 1 6
16 14 5
16 15 1
17 14 1
17 15 1
18 1 7
20 18 6
20 19 1
21 18 1
21 19 1
22 1 8
24 22 7
24 23 1
25 22 1
25 23 1
26 1 9
28 26 8
28 27 1
29 26 1
29 27 1
30 1 10
32 30 9
32 31 1
33 30 1
33 31 1
34 1 11
36 34 10
36 35 1
37 34 1
37 35 1
38 1 12
40 38 11
40 39 1
41 38 1
41 39 1
42 1 13
44 42 12
44 43 1
45 42 1
45 43 1
46 1 14
48 46 13
48 47 1
49 46 1
49 47 1
50 1 15
52 50 14
52 51 1
53 50 1
53 51 1
54 1 16
56 54 15
56 55 1
57 54 1
57 55 1