100 126 32 55
49 59 1
80 90 1
50 60 1
20 30 1
31 32 1
52 53 1
65 66 1
39 49 1
84 85 1
25 26 1
76 77 1
26 27 1
70 71 1
36 37 1
2 3 1
60 61 1
95 96 1
51 52 1
57 67 1
80 81 1
94 95 1
64 74 1
10 11 1
5 6 1
33 43 1
63 64 1
36 46 1
65 75 1
18 28 1
78 79 1
79 89 1
74 75 1
7 17 1
30 40 1
0 1 1
1 2 1
7 8 1
24 25 1
67 68 1
46 56 1
77 87 1
56 66 1
28 38 1
92 93 1
32 42 1
87 97 1
72 82 1
18 19 1
58 59 1
46 47 1
51 61 1
35 45 1
72 73 1
53 63 1
29 39 1
21 22 1
43 44 1
86 96 1
22 23 1
37 38 1
13 23 1
27 28 1
2 12 1
73 83 1
91 92 1
89 99 1
5 15 1
54 55 1
42 43 1
81 82 1
60 70 1
83 84 1
56 57 1
57 58 1
1 11 1
27 37 1
47 48 1
3 4 1
68 78 1
47 57 1
15 16 1
0 10 1
13 14 1
4 14 1
58 68 1
98 99 1
77 78 1
34 35 1
88 98 1
50 51 1
97 98 1
62 72 1
34 44 1
11 12 1
87 88 1
23 33 1
15 25 1
30 31 1
44 54 1
85 86 1
59 69 1
71 72 1
41 51 1
6 16 1
16 17 1
48 58 1
62 63 1
20 21 1
14 24 1
45 55 1
90 91 1
70 80 1
8 9 1
84 94 1
68 69 1
82 83 1
76 86 1
93 94 1
74 84 1
9 19 1
4 5 1
43 53 1
55 65 1
28 29 1
40 41 1
78 88 1
49 59 1
80 90 1
60 50 1
30 20 1
31 32 1
53 52 1
66 65 1
49 39 1
85 84 1
25 26 1
77 76 1
27 26 1
70 71 1
37 36 1
2 3 1
60 61 1
95 96 1
52 51 1
67 57 1
81 80 1
95 94 1
64 74 1
11 10 1
5 6 1
43 33 1
64 63 1
46 36 1
65 75 1
28 18 1
79 78 1
89 79 1
75 74 1
