100 144 36 55
67 68 1
89 99 1
4 5 1
20 21 1
10 20 1
42 43 1
41 42 1
60 61 1
25 26 1
98 99 1
33 43 1
64 65 1
30 31 1
38 39 1
66 76 1
61 62 1
93 94 1
84 85 1
54 55 1
32 33 1
45 55 1
60 70 1
56 57 1
80 81 1
57 67 1
43 53 1
28 29 1
30 40 1
17 18 1
65 66 1
68 69 1
40 50 1
43 44 1
19 29 1
29 39 1
56 66 1
49 59 1
6 16 1
33 34 1
31 32 1
38 48 1
85 95 1
76 86 1
2 3 1
65 75 1
15 16 1
75 85 1
1 11 1
79 89 1
55 65 1
37 38 1
85 86 1
55 56 1
36 37 1
53 54 1
96 97 1
26 36 1
41 51 1
17 27 1
5 15 1
4 14 1
35 36 1
44 45 1
37 47 1
24 34 1
3 4 1
90 91 1
46 56 1
80 90 1
72 73 1
27 28 1
2 12 1
77 78 1
57 58 1
9 19 1
53 63 1
39 49 1
71 81 1
23 33 1
11 12 1
95 96 1
51 52 1
13 23 1
70 80 1
47 57 1
52 62 1
68 78 1
72 82 1
13 14 1
74 75 1
86 87 1
76 77 1
45 46 1
7 8 1
81 91 1
73 83 1
21 22 1
69 79 1
83 93 1
12 13 1
82 92 1
81 82 1
59 69 1
58 68 1
50 51 1
0 1 1
11 21 1
91 92 1
16 26 1
77 87 1
78 79 1
88 89 1
24 25 1
48 49 1
6 7 1
34 44 1
27 37 1
94 95 1
97 98 1
22 32 1
18 19 1
74 84 1
51 61 1
62 72 1
36 46 1
0 10 1
48 58 1
63 64 1
8 9 1
14 24 1
70 71 1
3 13 1
62 63 1
26 27 1
73 74 1
44 54 1
84 94 1
21 31 1
40 41 1
34 35 1
8 18 1
22 23 1
82 83 1
88 98 1
68 67 1
99 89 1
5 4 1
21 20 1
20 10 1
42 43 1
41 42 1
61 60 1
26 25 1
98 99 1
43 33 1
64 65 1
30 31 1
39 38 1
76 66 1
61 62 1
93 94 1
85 84 1
55 54 1
33 32 1
55 45 1
60 70 1
57 56 1
81 80 1
57 67 1
53 43 1
29 28 1
40 30 1
17 18 1
66 65 1
68 69 1
50 40 1
44 43 1
29 19 1
29 39 1
56 66 1
