100 144 72 55
6 16 1
48 58 1
98 99 1
8 9 1
7 8 1
90 91 1
78 79 1
21 31 1
15 25 1
30 40 1
54 55 1
3 4 1
34 35 1
17 18 1
52 53 1
83 84 1
60 70 1
18 19 1
33 34 1
22 23 1
82 83 1
0 1 1
74 84 1
57 58 1
0 10 1
86 87 1
34 44 1
67 77 1
91 92 1
41 42 1
27 28 1
82 92 1
67 68 1
85 95 1
71 81 1
25 26 1
63 64 1
49 59 1
16 26 1
45 46 1
55 65 1
1 2 1
12 22 1
61 71 1
61 62 1
18 28 1
32 42 1
8 18 1
58 59 1
50 51 1
1 11 1
47 48 1
53 54 1
43 44 1
64 74 1
10 20 1
51 61 1
37 38 1
73 74 1
47 57 1
19 29 1
56 57 1
23 24 1
78 88 1
84 85 1
41 51 1
74 75 1
3 13 1
35 45 1
65 66 1
39 49 1
40 41 1
20 30 1
12 13 1
52 62 1
66 76 1
5 15 1
80 81 1
30 31 1
14 24 1
9 19 1
11 12 1
17 27 1
72 73 1
89 99 1
44 54 1
92 93 1
46 56 1
33 43 1
66 67 1
22 32 1
14 15 1
46 47 1
38 39 1
93 94 1
59 69 1
13 23 1
2 12 1
16 17 1
36 46 1
75 76 1
70 80 1
80 90 1
81 82 1
10 11 1
29 39 1
97 98 1
35 36 1
53 63 1
20 21 1
81 91 1
96 97 1
77 78 1
4 5 1
70 71 1
26 36 1
94 95 1
63 73 1
13 14 1
45 55 1
62 72 1
26 27 1
68 78 1
56 66 1
15 16 1
71 72 1
32 33 1
76 77 1
60 61 1
40 50 1
58 68 1
28 29 1
42 43 1
31 41 1
69 79 1
51 52 1
57 67 1
88 89 1
4 14 1
6 7 1
86 96 1
25 35 1
37 47 1
87 97 1
6 16 1
48 58 1
98 99 1
8 9 1
7 8 1
90 91 1
79 78 1
21 31 1
15 25 1
40 30 1
54 55 1
3 4 1
35 34 1
18 17 1
53 52 1
83 84 1
60 70 1
18 19 1
34 33 1
22 23 1
83 82 1
0 1 1
74 84 1
58 57 1
0 10 1
86 87 1
44 34 1
77 67 1
92 91 1
42 41 1
28 27 1
82 92 1
68 67 1
85 95 1
71 81 1
26 25 1
64 63 1
59 49 1
26 16 1
46 45 1
55 65 1
2 1 1
22 12 1
61 71 1
61 62 1
28 18 1
42 32 1
18 8 1
58 59 1
51 50 1
1 11 1
48 47 1
53 54 1
43 44 1
64 74 1
10 20 1
51 61 1
38 37 1
74 73 1
47 57 1
19 29 1
57 56 1
24 23 1
88 78 1
85 84 1
51 41 1
74 75 1
13 3 1
45 35 1
66 65 1
39 49 1
41 40 1
