100 126 94 0
8 9 1
19 29 1
98 99 1
87 88 1
5 6 1
89 99 1
38 39 1
45 46 1
49 59 1
20 30 1
46 56 1
71 81 1
63 64 1
39 49 1
80 90 1
55 56 1
28 29 1
76 77 1
91 92 1
95 96 1
53 54 1
15 25 1
65 66 1
47 48 1
12 13 1
88 89 1
90 91 1
66 67 1
9 19 1
17 18 1
94 95 1
10 11 1
41 42 1
62 63 1
58 59 1
70 80 1
36 37 1
92 93 1
74 84 1
26 36 1
48 49 1
20 21 1
75 85 1
45 55 1
35 36 1
73 83 1
77 87 1
57 58 1
81 82 1
86 96 1
51 61 1
0 1 1
69 79 1
42 52 1
68 69 1
3 4 1
47 57 1
65 75 1
79 89 1
18 28 1
96 97 1
93 94 1
32 42 1
71 72 1
10 20 1
43 53 1
37 38 1
60 61 1
82 83 1
6 7 1
13 23 1
28 38 1
1 11 1
2 12 1
60 70 1
67 77 1
4 5 1
14 15 1
50 60 1
83 84 1
6 16 1
75 76 1
70 71 1
40 41 1
12 22 1
44 54 1
14 24 1
11 21 1
13 14 1
54 64 1
33 34 1
31 32 1
35 45 1
24 25 1
85 86 1
52 62 1
67 68 1
56 66 1
33 43 1
78 88 1
15 16 1
27 28 1
2 3 1
30 31 1
24 34 1
72 82 1
64 74 1
32 33 1
22 32 1
17 27 1
88 98 1
0 10 1
77 78 1
50 51 1
18 19 1
52 53 1
25 35 1
7 8 1
97 98 1
23 33 1
40 50 1
73 74 1
16 26 1
21 31 1
43 44 1
8 18 1
9 8 1
19 29 1
98 99 1
88 87 1
6 5 1
99 89 1
39 38 1
46 45 1
59 49 1
30 20 1
56 46 1
81 71 1
63 64 1
39 49 1
90 80 1
56 55 1
29 28 1
77 76 1
92 91 1
95 96 1
53 54 1
25 15 1
66 65 1
48 47 1
13 12 1
89 88 1
91 90 1
66 67 1
9 19 1
18 17 1
95 94 1
11 10 1
41 42 1
62 63 1
58 59 1
70 80 1
37 36 1
93 92 1
84 74 1
26 36 1
49 48 1
21 20 1
75 85 1
55 45 1
36 35 1
83 73 1
87 77 1
58 57 1
81 82 1
96 86 1
61 51 1
1 0 1
79 69 1
52 42 1
69 68 1
4 3 1
57 47 1
65 75 1
89 79 1
28 18 1
97 96 1
94 93 1
42 32 1
71 72 1
20 10 1
53 43 1
38 37 1
61 60 1
82 83 1
7 6 1
13 23 1
28 38 1
11 1 1
12 2 1
60 70 1
67 77 1
5 4 1
15 14 1
50 60 1
83 84 1
16 6 1
76 75 1
70 71 1
40 41 1
22 12 1
44 54 1
24 14 1
21 11 1
14 13 1
54 64 1
34 33 1
31 32 1
45 35 1
25 24 1
