100 108 27 55
98 99 1
89 99 1
40 41 1
19 29 1
0 10 1
17 27 1
6 7 1
25 26 1
45 46 1
29 39 1
40 50 1
5 6 1
69 79 1
64 74 1
63 73 1
94 95 1
13 23 1
2 12 1
33 43 1
80 90 1
78 88 1
97 98 1
41 51 1
70 71 1
80 81 1
87 97 1
61 71 1
53 63 1
55 56 1
75 85 1
35 36 1
0 1 1
34 44 1
42 52 1
3 4 1
24 34 1
4 14 1
77 87 1
68 78 1
93 94 1
54 55 1
27 28 1
10 20 1
8 18 1
39 49 1
65 75 1
30 31 1
56 57 1
47 48 1
44 45 1
81 91 1
42 43 1
66 67 1
46 47 1
73 83 1
7 17 1
84 85 1
23 24 1
55 65 1
66 76 1
95 96 1
9 19 1
52 62 1
87 88 1
25 35 1
82 83 1
12 22 1
68 69 1
72 82 1
86 96 1
60 61 1
1 2 1
16 17 1
58 59 1
18 28 1
37 38 1
16 26 1
54 64 1
22 32 1
92 93 1
21 31 1
74 84 1
52 53 1
79 89 1
28 38 1
82 92 1
62 63 1
5 15 1
38 48 1
57 58 1
60 70 1
8 9 1
20 30 1
11 21 1
36 37 1
15 25 1
14 15 1
67 68 1
90 91 1
50 51 1
67 77 1
49 59 1
1 11 1
76 86 1
3 13 1
71 72 1
32 33 1
43 44 1
99 98 1
99 89 1
40 41 1
19 29 1
10 0 1
27 17 1
7 6 1
26 25 1
45 46 1
39 29 1
40 50 1
6 5 1
79 69 1
64 74 1
63 73 1
94 95 1
13 23 1
2 12 1
43 33 1
80 90 1
78 88 1
97 98 1
41 51 1
71 70 1
81 80 1
87 97 1
61 71 1
