100 108 81 55
0 1 1
69 79 1
3 13 1
97 98 1
90 91 1
5 6 1
20 30 1
10 11 1
46 56 1
47 48 1
40 50 1
81 91 1
29 39 1
42 52 1
80 90 1
15 25 1
85 95 1
8 9 1
33 43 1
47 57 1
52 62 1
66 67 1
55 65 1
73 74 1
51 61 1
91 92 1
53 63 1
36 37 1
80 81 1
60 70 1
50 60 1
59 69 1
56 57 1
13 23 1
74 75 1
34 35 1
83 93 1
0 10 1
87 88 1
58 59 1
25 35 1
93 94 1
82 92 1
23 33 1
67 68 1
2 12 1
85 86 1
24 25 1
41 51 1
75 76 1
63 64 1
7 17 1
30 31 1
38 39 1
71 72 1
65 66 1
28 38 1
43 44 1
96 97 1
9 19 1
3 4 1
40 41 1
15 16 1
45 55 1
89 99 1
78 79 1
98 99 1
39 49 1
72 82 1
13 14 1
32 42 1
27 28 1
86 96 1
45 46 1
17 27 1
84 85 1
77 87 1
4 5 1
61 62 1
54 64 1
22 32 1
1 11 1
26 36 1
70 71 1
48 49 1
6 7 1
53 54 1
27 37 1
82 83 1
17 18 1
88 89 1
84 94 1
78 88 1
73 83 1
20 21 1
76 77 1
31 41 1
94 95 1
16 26 1
14 24 1
1 2 1
34 44 1
12 13 1
8 18 1
21 31 1
12 22 1
19 29 1
58 68 1
1 0 1
69 79 1
3 13 1
97 98 1
91 90 1
6 5 1
30 20 1
10 11 1
56 46 1
47 48 1
40 50 1
81 91 1
29 39 1
42 52 1
80 90 1
15 25 1
85 95 1
9 8 1
43 33 1
57 47 1
52 62 1
67 66 1
55 65 1
74 73 1
61 51 1
92 91 1
63 53 1
36 37 1
80 81 1
60 70 1
50 60 1
69 59 1
57 56 1
23 13 1
75 74 1
35 34 1
93 83 1
0 10 1
87 88 1
59 58 1
35 25 1
94 93 1
92 82 1
33 23 1
68 67 1
2 12 1
85 86 1
24 25 1
51 41 1
76 75 1
63 64 1
17 7 1
31 30 1
38 39 1
72 71 1
65 66 1
38 28 1
43 44 1
97 96 1
9 19 1
4 3 1
41 40 1
15 16 1
55 45 1
89 99 1
78 79 1
98 99 1
39 49 1
72 82 1
13 14 1
32 42 1
27 28 1
86 96 1
45 46 1
17 27 1
84 85 1
77 87 1
5 4 1
61 62 1
54 64 1
22 32 1
