100 162 40 55
98 99 1
92 93 1
17 27 1
57 67 1
13 14 1
14 24 1
43 44 1
83 84 1
55 56 1
34 35 1
39 49 1
7 17 1
32 33 1
46 56 1
62 72 1
23 24 1
20 21 1
85 86 1
27 37 1
91 92 1
47 57 1
67 68 1
42 52 1
18 28 1
80 90 1
65 66 1
90 91 1
57 58 1
20 30 1
56 57 1
80 81 1
27 28 1
64 74 1
96 97 1
78 88 1
82 83 1
40 41 1
59 69 1
44 54 1
12 13 1
55 65 1
26 36 1
51 61 1
0 1 1
89 99 1
70 80 1
41 42 1
46 47 1
87 97 1
61 62 1
19 29 1
68 78 1
65 75 1
58 68 1
72 73 1
9 19 1
4 5 1
68 69 1
48 58 1
7 8 1
24 25 1
8 9 1
70 71 1
36 37 1
81 91 1
63 73 1
42 43 1
48 49 1
74 84 1
10 20 1
24 34 1
61 71 1
58 59 1
97 98 1
3 4 1
49 59 1
2 3 1
94 95 1
51 52 1
50 60 1
71 81 1
54 64 1
38 48 1
1 2 1
84 85 1
6 7 1
50 51 1
88 98 1
95 96 1
75 85 1
30 31 1
15 16 1
11 12 1
22 32 1
18 19 1
16 17 1
45 46 1
79 89 1
15 25 1
37 47 1
53 54 1
67 77 1
88 89 1
40 50 1
83 93 1
28 38 1
72 82 1
73 83 1
81 82 1
52 62 1
23 33 1
44 45 1
34 44 1
2 12 1
82 92 1
84 94 1
76 86 1
69 79 1
30 40 1
14 15 1
6 16 1
29 39 1
52 53 1
76 77 1
0 10 1
47 48 1
11 21 1
5 6 1
38 39 1
1 11 1
53 63 1
45 55 1
33 34 1
73 74 1
31 32 1
86 87 1
77 78 1
66 67 1
25 26 1
8 18 1
28 29 1
21 22 1
43 53 1
26 27 1
62 63 1
56 66 1
78 79 1
41 51 1
35 36 1
74 75 1
36 46 1
60 61 1
71 72 1
17 18 1
37 38 1
12 22 1
64 65 1
22 23 1
60 70 1
85 95 1
13 23 1
21 31 1
99 98 1
92 93 1
17 27 1
67 57 1
14 13 1
24 14 1
44 43 1
84 83 1
56 55 1
34 35 1
39 49 1
7 17 1
33 32 1
56 46 1
72 62 1
24 23 1
20 21 1
86 85 1
37 27 1
92 91 1
47 57 1
67 68 1
52 42 1
28 18 1
90 80 1
66 65 1
90 91 1
58 57 1
30 20 1
57 56 1
81 80 1
27 28 1
74 64 1
97 96 1
88 78 1
83 82 1
41 40 1
59 69 1
44 54 1
12 13 1
