100 109 54 0
78 79 1
5 15 1
48 49 1
6 16 1
9 19 1
79 89 1
52 53 1
80 90 1
75 76 1
8 18 1
97 98 1
40 50 1
73 83 1
41 51 1
74 75 1
23 33 1
65 66 1
70 71 1
55 56 1
54 64 1
41 42 1
50 51 1
3 13 1
92 93 1
13 14 1
22 23 1
25 26 1
56 66 1
84 94 1
62 63 1
24 25 1
74 84 1
60 61 1
91 92 1
29 39 1
61 71 1
2 12 1
67 77 1
68 69 1
17 18 1
58 59 1
30 40 1
57 58 1
82 83 1
85 95 1
10 20 1
96 97 1
63 64 1
4 5 1
6 7 1
98 99 1
45 46 1
0 10 1
14 15 1
44 45 1
26 27 1
47 57 1
28 29 1
88 98 1
25 35 1
32 42 1
59 69 1
37 47 1
60 70 1
16 17 1
80 81 1
85 86 1
12 22 1
47 48 1
77 87 1
90 91 1
55 65 1
62 72 1
86 87 1
77 78 1
89 99 1
19 29 1
42 52 1
3 4 1
67 68 1
81 82 1
1 2 1
24 34 1
49 59 1
76 86 1
10 11 1
22 32 1
11 21 1
88 89 1
73 74 1
28 38 1
93 94 1
72 82 1
8 9 1
33 34 1
38 39 1
20 30 1
30 31 1
86 96 1
21 31 1
0 1 1
7 8 1
27 37 1
43 44 1
35 36 1
94 95 1
44 54 1
43 53 1
36 46 1
79 78 1
15 5 1
49 48 1
16 6 1
19 9 1
79 89 1
53 52 1
80 90 1
76 75 1
18 8 1
97 98 1
40 50 1
83 73 1
41 51 1
74 75 1
23 33 1
66 65 1
71 70 1
56 55 1
64 54 1
42 41 1
50 51 1
3 13 1
92 93 1
14 13 1
23 22 1
25 26 1
56 66 1
94 84 1
63 62 1
24 25 1
84 74 1
60 61 1
92 91 1
39 29 1
71 61 1
2 12 1
77 67 1
69 68 1
18 17 1
58 59 1
30 40 1
57 58 1
82 83 1
85 95 1
20 10 1
96 97 1
63 64 1
5 4 1
7 6 1
98 99 1
45 46 1
0 10 1
15 14 1
