100 144 72 0
0 1 1
3 4 1
73 74 1
50 60 1
72 82 1
2 3 1
9 19 1
64 74 1
0 10 1
59 69 1
27 28 1
29 39 1
51 52 1
35 36 1
48 49 1
84 85 1
96 97 1
95 96 1
12 13 1
85 86 1
94 95 1
61 62 1
6 16 1
43 44 1
36 37 1
53 63 1
71 72 1
88 89 1
11 12 1
48 58 1
58 68 1
69 79 1
7 8 1
84 94 1
28 38 1
70 80 1
54 64 1
60 61 1
44 54 1
52 53 1
8 18 1
40 50 1
57 58 1
37 47 1
13 23 1
18 19 1
42 43 1
46 56 1
93 94 1
66 67 1
83 84 1
22 32 1
17 27 1
17 18 1
68 69 1
70 71 1
22 23 1
61 71 1
19 29 1
45 55 1
25 35 1
65 75 1
39 49 1
28 29 1
76 77 1
71 81 1
54 55 1
43 53 1
38 48 1
73 83 1
26 36 1
47 57 1
86 87 1
62 72 1
32 42 1
34 35 1
68 78 1
10 20 1
91 92 1
16 26 1
77 78 1
14 24 1
52 62 1
87 88 1
65 66 1
1 2 1
57 67 1
80 81 1
47 48 1
97 98 1
90 91 1
13 14 1
15 25 1
12 22 1
33 43 1
55 56 1
31 32 1
45 46 1
89 99 1
33 34 1
80 90 1
8 9 1
60 70 1
75 76 1
51 61 1
56 57 1
30 40 1
63 73 1
21 31 1
5 6 1
63 64 1
83 93 1
23 24 1
30 31 1
16 17 1
11 21 1
37 38 1
20 30 1
98 99 1
24 34 1
46 47 1
7 17 1
81 82 1
66 76 1
62 63 1
4 5 1
78 79 1
1 11 1
85 95 1
92 93 1
58 59 1
6 7 1
35 45 1
56 66 1
20 21 1
31 41 1
5 15 1
36 46 1
72 73 1
14 15 1
42 52 1
76 86 1
40 41 1
55 65 1
0 1 1
3 4 1
74 73 1
60 50 1
82 72 1
3 2 1
19 9 1
74 64 1
0 10 1
69 59 1
27 28 1
39 29 1
51 52 1
36 35 1
49 48 1
85 84 1
96 97 1
96 95 1
12 13 1
85 86 1
95 94 1
62 61 1
16 6 1
44 43 1
36 37 1
53 63 1
72 71 1
88 89 1
11 12 1
58 48 1
58 68 1
79 69 1
7 8 1
84 94 1
28 38 1
70 80 1
64 54 1
60 61 1
44 54 1
52 53 1
18 8 1
50 40 1
58 57 1
47 37 1
13 23 1
19 18 1
42 43 1
56 46 1
94 93 1
67 66 1
83 84 1
32 22 1
17 27 1
17 18 1
68 69 1
70 71 1
22 23 1
71 61 1
29 19 1
55 45 1
25 35 1
75 65 1
49 39 1
29 28 1
77 76 1
81 71 1
54 55 1
53 43 1
38 48 1
73 83 1
36 26 1
57 47 1
