100 162 40 0
30 40 1
52 62 1
24 34 1
25 35 1
33 34 1
9 19 1
58 68 1
7 17 1
12 13 1
64 65 1
10 11 1
71 81 1
80 90 1
67 68 1
51 61 1
44 54 1
38 39 1
60 70 1
77 78 1
46 56 1
32 42 1
27 37 1
0 1 1
48 49 1
89 99 1
34 35 1
22 23 1
55 65 1
68 78 1
52 53 1
95 96 1
50 51 1
57 67 1
78 79 1
61 62 1
86 87 1
16 26 1
4 5 1
33 43 1
79 89 1
73 83 1
88 98 1
70 80 1
60 61 1
75 76 1
38 48 1
30 31 1
85 86 1
18 28 1
90 91 1
58 59 1
6 7 1
8 18 1
84 94 1
36 46 1
6 16 1
22 32 1
71 72 1
25 26 1
41 42 1
72 82 1
64 74 1
76 86 1
19 29 1
42 43 1
14 15 1
66 67 1
36 37 1
53 63 1
11 12 1
44 45 1
51 52 1
80 81 1
81 82 1
63 64 1
97 98 1
2 12 1
26 36 1
21 31 1
35 45 1
56 66 1
65 75 1
82 92 1
20 21 1
3 13 1
84 85 1
7 8 1
91 92 1
13 14 1
5 6 1
28 29 1
41 51 1
73 74 1
35 36 1
54 55 1
75 85 1
67 77 1
57 58 1
72 73 1
23 24 1
48 58 1
83 84 1
20 30 1
65 66 1
16 17 1
93 94 1
13 23 1
43 53 1
43 44 1
94 95 1
68 69 1
28 38 1
63 73 1
29 39 1
12 22 1
46 47 1
18 19 1
1 2 1
55 56 1
3 4 1
53 54 1
17 18 1
2 3 1
86 96 1
96 97 1
92 93 1
31 32 1
0 10 1
21 22 1
47 57 1
1 11 1
76 77 1
98 99 1
40 50 1
56 57 1
59 69 1
11 21 1
37 38 1
32 33 1
74 84 1
31 41 1
74 75 1
54 64 1
24 25 1
61 71 1
78 88 1
47 48 1
42 52 1
62 72 1
5 15 1
49 59 1
77 87 1
66 76 1
27 28 1
8 9 1
39 49 1
15 25 1
10 20 1
34 44 1
62 63 1
81 91 1
17 27 1
40 30 1
52 62 1
34 24 1
25 35 1
34 33 1
9 19 1
58 68 1
7 17 1
13 12 1
64 65 1
10 11 1
71 81 1
80 90 1
67 68 1
51 61 1
54 44 1
39 38 1
70 60 1
77 78 1
46 56 1
42 32 1
27 37 1
1 0 1
49 48 1
89 99 1
35 34 1
22 23 1
55 65 1
68 78 1
53 52 1
95 96 1
50 51 1
67 57 1
79 78 1
62 61 1
87 86 1
26 16 1
5 4 1
43 33 1
89 79 1
