100 180 135 55
24 34 1
66 67 1
55 65 1
41 51 1
56 57 1
44 45 1
11 21 1
37 47 1
7 8 1
34 44 1
38 48 1
58 59 1
16 26 1
36 46 1
91 92 1
47 57 1
15 25 1
74 84 1
42 43 1
32 33 1
23 33 1
54 64 1
72 73 1
64 74 1
19 29 1
67 68 1
60 61 1
65 75 1
93 94 1
14 15 1
27 37 1
24 25 1
1 11 1
43 53 1
57 58 1
55 56 1
76 86 1
72 82 1
23 24 1
61 62 1
97 98 1
14 24 1
76 77 1
9 19 1
35 36 1
64 65 1
13 14 1
67 77 1
30 31 1
62 63 1
30 40 1
95 96 1
49 59 1
31 41 1
4 5 1
2 3 1
77 78 1
15 16 1
82 83 1
33 34 1
45 46 1
38 39 1
63 64 1
6 7 1
35 45 1
6 16 1
17 27 1
29 39 1
3 13 1
26 36 1
78 79 1
12 13 1
81 91 1
8 9 1
28 38 1
86 87 1
88 98 1
79 89 1
80 81 1
33 43 1
53 63 1
40 50 1
27 28 1
68 78 1
50 51 1
54 55 1
28 29 1
83 93 1
82 92 1
42 52 1
50 60 1
40 41 1
88 89 1
37 38 1
17 18 1
85 95 1
48 58 1
98 99 1
78 88 1
71 72 1
70 71 1
94 95 1
20 21 1
0 10 1
21 22 1
18 28 1
10 11 1
90 91 1
75 85 1
45 55 1
26 27 1
69 79 1
81 82 1
12 22 1
10 20 1
8 18 1
66 76 1
41 42 1
63 73 1
96 97 1
31 32 1
57 67 1
70 80 1
92 93 1
73 74 1
48 49 1
34 35 1
80 90 1
21 31 1
16 17 1
75 76 1
56 66 1
60 70 1
84 85 1
77 87 1
71 81 1
4 14 1
7 17 1
58 68 1
61 71 1
46 47 1
85 86 1
84 94 1
52 53 1
32 42 1
73 83 1
20 30 1
18 19 1
43 44 1
5 6 1
52 62 1
51 61 1
25 35 1
1 2 1
36 37 1
89 99 1
51 52 1
46 56 1
2 12 1
83 84 1
13 23 1
68 69 1
86 96 1
0 1 1
59 69 1
11 12 1
22 32 1
74 75 1
3 4 1
87 97 1
62 72 1
65 66 1
47 48 1
44 54 1
39 49 1
87 88 1
53 54 1
25 26 1
5 15 1
22 23 1
34 24 1
67 66 1
65 55 1
51 41 1
57 56 1
45 44 1
21 11 1
47 37 1
7 8 1
44 34 1
38 48 1
58 59 1
26 16 1
46 36 1
91 92 1
47 57 1
15 25 1
74 84 1
43 42 1
33 32 1
33 23 1
64 54 1
72 73 1
64 74 1
19 29 1
67 68 1
61 60 1
65 75 1
94 93 1
14 15 1
27 37 1
25 24 1
11 1 1
53 43 1
57 58 1
55 56 1
86 76 1
82 72 1
23 24 1
61 62 1
97 98 1
24 14 1
76 77 1
19 9 1
35 36 1
64 65 1
14 13 1
67 77 1
31 30 1
62 63 1
30 40 1
95 96 1
49 59 1
41 31 1
5 4 1
3 2 1
77 78 1
16 15 1
83 82 1
34 33 1
45 46 1
39 38 1
64 63 1
6 7 1
35 45 1
6 16 1
27 17 1
29 39 1
13 3 1
26 36 1
79 78 1
12 13 1
91 81 1
9 8 1
38 28 1
87 86 1
98 88 1
89 79 1
80 81 1
43 33 1
63 53 1
40 50 1
28 27 1
78 68 1
51 50 1
54 55 1
29 28 1
93 83 1
92 82 1
42 52 1
50 60 1
40 41 1
88 89 1
38 37 1
17 18 1
85 95 1
48 58 1
99 98 1
88 78 1
72 71 1
71 70 1
95 94 1
21 20 1
0 10 1
21 22 1
28 18 1
11 10 1
91 90 1
75 85 1
45 55 1
27 26 1
79 69 1
82 81 1
22 12 1
10 20 1
8 18 1
66 76 1
41 42 1
63 73 1
97 96 1
32 31 1
57 67 1
70 80 1
92 93 1
74 73 1
49 48 1
34 35 1
90 80 1
21 31 1
16 17 1
75 76 1
56 66 1
70 60 1
84 85 1
77 87 1
