100 108 27 0
30 31 1
91 92 1
10 11 1
52 53 1
28 29 1
39 49 1
7 17 1
1 2 1
18 28 1
97 98 1
61 62 1
37 38 1
33 34 1
6 7 1
60 61 1
80 81 1
72 82 1
4 14 1
25 26 1
46 56 1
96 97 1
18 19 1
90 91 1
22 32 1
95 96 1
70 71 1
77 87 1
62 63 1
65 66 1
72 73 1
12 13 1
16 17 1
43 44 1
49 59 1
36 37 1
25 35 1
45 46 1
11 21 1
43 53 1
20 21 1
58 59 1
23 24 1
67 77 1
20 30 1
35 45 1
47 57 1
32 42 1
93 94 1
66 67 1
9 19 1
40 41 1
17 27 1
68 69 1
2 12 1
79 89 1
78 88 1
3 13 1
86 96 1
40 50 1
13 23 1
48 58 1
3 4 1
50 51 1
54 55 1
86 87 1
21 22 1
71 81 1
98 99 1
75 85 1
60 70 1
87 88 1
32 33 1
68 78 1
83 93 1
26 27 1
26 36 1
8 18 1
5 6 1
85 95 1
74 84 1
84 94 1
15 16 1
73 83 1
64 74 1
29 39 1
41 51 1
38 48 1
21 31 1
8 9 1
44 54 1
89 99 1
63 64 1
75 76 1
44 45 1
56 57 1
0 10 1
82 92 1
5 15 1
37 47 1
80 90 1
17 18 1
0 1 1
66 76 1
42 52 1
34 44 1
69 79 1
14 24 1
55 65 1
31 30 1
91 92 1
11 10 1
52 53 1
28 29 1
49 39 1
7 17 1
2 1 1
18 28 1
97 98 1
61 62 1
38 37 1
33 34 1
6 7 1
60 61 1
81 80 1
82 72 1
14 4 1
26 25 1
56 46 1
97 96 1
19 18 1
91 90 1
22 32 1
95 96 1
71 70 1
77 87 1
