100 144 36 0
50 51 1
57 67 1
89 99 1
30 40 1
9 19 1
40 41 1
76 77 1
88 89 1
6 16 1
0 1 1
76 86 1
7 8 1
75 85 1
59 69 1
8 18 1
1 11 1
63 73 1
52 53 1
74 75 1
85 95 1
38 48 1
94 95 1
42 52 1
28 38 1
16 17 1
36 46 1
97 98 1
61 71 1
70 80 1
27 28 1
3 13 1
96 97 1
31 32 1
95 96 1
86 87 1
26 36 1
77 87 1
87 97 1
11 12 1
10 11 1
83 84 1
53 54 1
23 24 1
20 30 1
55 65 1
18 19 1
98 99 1
39 49 1
55 56 1
17 18 1
79 89 1
45 46 1
58 59 1
90 91 1
30 31 1
20 21 1
63 64 1
92 93 1
60 61 1
4 14 1
36 37 1
32 33 1
33 34 1
18 28 1
34 35 1
44 54 1
42 43 1
82 83 1
1 2 1
21 22 1
65 66 1
16 26 1
41 42 1
35 45 1
64 65 1
93 94 1
29 39 1
56 57 1
72 82 1
5 15 1
48 49 1
24 25 1
46 56 1
62 63 1
50 60 1
35 36 1
52 62 1
7 17 1
31 41 1
44 45 1
11 21 1
81 91 1
67 77 1
70 71 1
86 96 1
53 63 1
74 84 1
13 23 1
26 27 1
71 72 1
5 6 1
54 55 1
41 51 1
0 10 1
2 12 1
54 64 1
15 25 1
73 74 1
10 20 1
43 44 1
80 90 1
68 69 1
81 82 1
68 78 1
78 79 1
37 47 1
33 43 1
14 24 1
25 26 1
85 86 1
22 32 1
72 73 1
13 14 1
64 74 1
43 53 1
37 38 1
23 33 1
14 15 1
47 57 1
88 98 1
82 92 1
3 4 1
83 93 1
91 92 1
65 75 1
56 66 1
4 5 1
58 68 1
28 29 1
71 81 1
45 55 1
12 22 1
38 39 1
8 9 1
50 51 1
67 57 1
89 99 1
40 30 1
9 19 1
41 40 1
77 76 1
88 89 1
16 6 1
1 0 1
76 86 1
7 8 1
85 75 1
59 69 1
8 18 1
1 11 1
63 73 1
53 52 1
74 75 1
85 95 1
38 48 1
95 94 1
52 42 1
38 28 1
16 17 1
46 36 1
98 97 1
61 71 1
80 70 1
28 27 1
13 3 1
96 97 1
31 32 1
96 95 1
87 86 1
26 36 1
