100 180 90 55
8 9 1
73 83 1
36 46 1
79 89 1
87 97 1
14 24 1
76 77 1
11 12 1
71 81 1
11 21 1
61 71 1
34 44 1
58 59 1
38 48 1
35 36 1
96 97 1
15 25 1
24 34 1
54 64 1
31 41 1
12 13 1
84 85 1
41 51 1
39 49 1
98 99 1
40 41 1
83 84 1
37 47 1
64 65 1
22 23 1
57 58 1
60 61 1
67 77 1
26 36 1
52 62 1
36 37 1
85 86 1
77 78 1
50 51 1
30 31 1
55 56 1
59 69 1
22 32 1
66 76 1
4 5 1
73 74 1
16 17 1
86 96 1
32 42 1
57 67 1
62 63 1
31 32 1
35 45 1
42 43 1
51 52 1
1 11 1
33 43 1
81 91 1
25 26 1
82 83 1
58 68 1
23 24 1
1 2 1
7 17 1
93 94 1
2 12 1
27 37 1
85 95 1
68 69 1
0 10 1
47 48 1
10 20 1
74 75 1
14 15 1
90 91 1
33 34 1
47 57 1
67 68 1
24 25 1
26 27 1
80 90 1
19 29 1
32 33 1
78 79 1
43 53 1
0 1 1
7 8 1
17 18 1
16 26 1
86 87 1
20 30 1
44 54 1
43 44 1
55 65 1
60 70 1
92 93 1
75 76 1
74 84 1
77 87 1
41 42 1
53 54 1
13 14 1
48 49 1
89 99 1
61 62 1
15 16 1
65 66 1
52 53 1
29 39 1
63 64 1
21 22 1
17 27 1
45 55 1
3 13 1
40 50 1
12 22 1
63 73 1
95 96 1
6 7 1
9 19 1
50 60 1
80 81 1
5 6 1
46 47 1
4 14 1
69 79 1
53 63 1
66 67 1
46 56 1
64 74 1
30 40 1
75 85 1
8 18 1
28 29 1
18 19 1
25 35 1
48 58 1
87 88 1
70 80 1
56 57 1
28 38 1
68 78 1
21 31 1
13 23 1
34 35 1
51 61 1
54 55 1
37 38 1
94 95 1
81 82 1
72 82 1
76 86 1
49 59 1
27 28 1
97 98 1
5 15 1
62 72 1
2 3 1
83 93 1
20 21 1
88 89 1
82 92 1
91 92 1
23 33 1
44 45 1
72 73 1
65 75 1
45 46 1
10 11 1
18 28 1
88 98 1
42 52 1
70 71 1
78 88 1
84 94 1
6 16 1
38 39 1
3 4 1
71 72 1
56 66 1
9 8 1
73 83 1
36 46 1
89 79 1
97 87 1
24 14 1
76 77 1
11 12 1
71 81 1
11 21 1
71 61 1
44 34 1
59 58 1
48 38 1
36 35 1
96 97 1
25 15 1
34 24 1
54 64 1
41 31 1
12 13 1
85 84 1
41 51 1
39 49 1
99 98 1
41 40 1
83 84 1
47 37 1
64 65 1
23 22 1
58 57 1
60 61 1
67 77 1
26 36 1
62 52 1
36 37 1
86 85 1
77 78 1
51 50 1
30 31 1
55 56 1
69 59 1
32 22 1
66 76 1
4 5 1
73 74 1
17 16 1
96 86 1
42 32 1
67 57 1
63 62 1
32 31 1
45 35 1
43 42 1
51 52 1
1 11 1
43 33 1
81 91 1
26 25 1
83 82 1
58 68 1
23 24 1
2 1 1
17 7 1
94 93 1
2 12 1
27 37 1
85 95 1
69 68 1
10 0 1
48 47 1
20 10 1
75 74 1
15 14 1
90 91 1
33 34 1
47 57 1
67 68 1
25 24 1
26 27 1
80 90 1
19 29 1
33 32 1
79 78 1
53 43 1
0 1 1
8 7 1
17 18 1
16 26 1
87 86 1
