100 108 54 55
9 19 1
0 10 1
75 76 1
88 89 1
78 79 1
66 76 1
98 99 1
16 26 1
31 32 1
33 34 1
36 46 1
80 90 1
15 16 1
77 78 1
5 6 1
46 47 1
48 49 1
59 69 1
58 59 1
2 3 1
38 39 1
70 71 1
52 53 1
96 97 1
1 2 1
4 14 1
91 92 1
61 62 1
97 98 1
39 49 1
30 40 1
50 51 1
10 20 1
55 56 1
56 57 1
65 75 1
87 97 1
6 7 1
30 31 1
68 78 1
50 60 1
36 37 1
8 18 1
13 14 1
37 38 1
58 68 1
20 21 1
64 74 1
25 35 1
15 25 1
53 63 1
73 83 1
84 94 1
85 86 1
83 93 1
43 44 1
69 79 1
0 1 1
90 91 1
26 27 1
60 61 1
35 45 1
45 55 1
24 34 1
93 94 1
71 81 1
19 29 1
67 77 1
7 17 1
28 29 1
44 54 1
54 64 1
65 66 1
74 84 1
33 43 1
71 72 1
86 87 1
11 21 1
82 83 1
40 41 1
57 67 1
20 30 1
41 51 1
34 35 1
22 23 1
47 48 1
94 95 1
4 5 1
60 70 1
78 88 1
23 24 1
8 9 1
72 73 1
32 42 1
42 52 1
38 48 1
72 82 1
89 99 1
62 63 1
80 81 1
11 12 1
85 95 1
18 28 1
17 27 1
3 13 1
82 92 1
95 96 1
12 22 1
9 19 1
10 0 1
75 76 1
88 89 1
78 79 1
76 66 1
99 98 1
16 26 1
32 31 1
34 33 1
36 46 1
80 90 1
15 16 1
78 77 1
5 6 1
46 47 1
49 48 1
59 69 1
59 58 1
2 3 1
38 39 1
70 71 1
53 52 1
97 96 1
1 2 1
4 14 1
92 91 1
62 61 1
98 97 1
39 49 1
30 40 1
51 50 1
20 10 1
56 55 1
57 56 1
75 65 1
97 87 1
6 7 1
30 31 1
78 68 1
60 50 1
37 36 1
18 8 1
13 14 1
37 38 1
58 68 1
20 21 1
64 74 1
35 25 1
15 25 1
53 63 1
83 73 1
94 84 1
85 86 1
