100 144 108 0
89 99 1
60 70 1
87 88 1
69 79 1
70 80 1
35 45 1
49 59 1
23 24 1
52 53 1
5 6 1
82 83 1
7 17 1
4 5 1
34 44 1
14 15 1
52 62 1
11 12 1
91 92 1
95 96 1
20 30 1
82 92 1
38 48 1
88 89 1
51 61 1
16 17 1
55 56 1
74 84 1
37 38 1
36 37 1
32 33 1
64 65 1
15 25 1
34 35 1
48 58 1
44 54 1
86 96 1
26 27 1
20 21 1
10 20 1
33 34 1
32 42 1
72 73 1
74 75 1
94 95 1
33 43 1
14 24 1
67 77 1
22 23 1
90 91 1
37 47 1
78 88 1
15 16 1
35 36 1
81 91 1
8 18 1
65 75 1
83 93 1
41 42 1
61 71 1
39 49 1
18 28 1
97 98 1
27 37 1
84 94 1
50 51 1
47 57 1
76 77 1
59 69 1
93 94 1
75 85 1
2 12 1
81 82 1
96 97 1
43 53 1
42 43 1
63 64 1
23 33 1
88 98 1
31 41 1
17 27 1
79 89 1
21 31 1
57 58 1
12 13 1
68 69 1
43 44 1
53 63 1
62 72 1
31 32 1
1 11 1
8 9 1
28 29 1
29 39 1
58 59 1
73 74 1
30 31 1
73 83 1
13 14 1
85 86 1
84 85 1
63 73 1
21 22 1
64 74 1
61 62 1
62 63 1
50 60 1
77 78 1
40 50 1
25 35 1
36 46 1
22 32 1
1 2 1
0 10 1
80 90 1
56 66 1
76 86 1
18 19 1
55 65 1
27 28 1
3 4 1
28 38 1
4 14 1
77 87 1
68 78 1
9 19 1
47 48 1
19 29 1
53 54 1
2 3 1
25 26 1
70 71 1
0 1 1
45 46 1
71 81 1
98 99 1
65 66 1
67 68 1
6 16 1
6 7 1
30 40 1
66 67 1
56 57 1
41 51 1
46 47 1
89 99 1
70 60 1
87 88 1
69 79 1
80 70 1
45 35 1
49 59 1
23 24 1
53 52 1
6 5 1
83 82 1
17 7 1
4 5 1
34 44 1
15 14 1
62 52 1
12 11 1
92 91 1
96 95 1
30 20 1
92 82 1
48 38 1
89 88 1
61 51 1
16 17 1
55 56 1
74 84 1
37 38 1
36 37 1
33 32 1
65 64 1
25 15 1
34 35 1
58 48 1
44 54 1
86 96 1
27 26 1
20 21 1
10 20 1
33 34 1
42 32 1
72 73 1
74 75 1
94 95 1
43 33 1
14 24 1
77 67 1
22 23 1
91 90 1
37 47 1
88 78 1
15 16 1
36 35 1
81 91 1
8 18 1
75 65 1
83 93 1
42 41 1
71 61 1
39 49 1
18 28 1
98 97 1
37 27 1
94 84 1
51 50 1
57 47 1
77 76 1
59 69 1
94 93 1
85 75 1
12 2 1
82 81 1
96 97 1
53 43 1
43 42 1
63 64 1
23 33 1
88 98 1
31 41 1
27 17 1
89 79 1
21 31 1
58 57 1
12 13 1
69 68 1
43 44 1
63 53 1
72 62 1
32 31 1
11 1 1
8 9 1
28 29 1
29 39 1
58 59 1
74 73 1
30 31 1
83 73 1
13 14 1
86 85 1
85 84 1
73 63 1
21 22 1
64 74 1
61 62 1
63 62 1
50 60 1
77 78 1
40 50 1
