100 126 32 0
85 95 1
87 97 1
80 90 1
0 1 1
56 66 1
90 91 1
13 14 1
94 95 1
40 41 1
70 71 1
30 40 1
1 11 1
84 94 1
36 46 1
4 5 1
9 19 1
15 25 1
58 59 1
92 93 1
33 34 1
8 9 1
27 37 1
52 53 1
25 26 1
57 67 1
19 29 1
72 82 1
54 55 1
0 10 1
3 13 1
43 53 1
47 48 1
43 44 1
98 99 1
48 49 1
7 8 1
35 36 1
6 7 1
16 17 1
6 16 1
24 25 1
73 74 1
81 82 1
74 75 1
52 62 1
23 33 1
79 89 1
28 38 1
37 47 1
16 26 1
65 66 1
44 54 1
51 61 1
68 69 1
25 35 1
50 60 1
10 20 1
54 64 1
88 89 1
35 45 1
32 42 1
87 88 1
76 77 1
71 81 1
31 41 1
67 68 1
11 12 1
49 59 1
20 21 1
68 78 1
28 29 1
30 31 1
81 91 1
80 81 1
31 32 1
83 93 1
32 33 1
8 18 1
69 79 1
85 86 1
38 39 1
48 58 1
44 45 1
45 55 1
60 61 1
78 79 1
2 3 1
84 85 1
5 15 1
4 14 1
1 2 1
91 92 1
45 46 1
2 12 1
56 57 1
75 76 1
21 31 1
60 70 1
73 83 1
37 38 1
42 52 1
23 24 1
17 18 1
67 77 1
24 34 1
63 73 1
46 56 1
29 39 1
21 22 1
72 73 1
22 32 1
62 72 1
7 17 1
89 99 1
55 65 1
82 92 1
27 28 1
63 64 1
96 97 1
5 6 1
86 96 1
88 98 1
38 48 1
50 51 1
75 85 1
77 87 1
95 85 1
97 87 1
90 80 1
1 0 1
66 56 1
91 90 1
13 14 1
94 95 1
40 41 1
70 71 1
40 30 1
11 1 1
84 94 1
46 36 1
5 4 1
19 9 1
25 15 1
59 58 1
92 93 1
34 33 1
8 9 1
27 37 1
53 52 1
26 25 1
67 57 1
29 19 1
72 82 1
55 54 1
0 10 1
13 3 1
53 43 1
47 48 1
