100 126 63 0
89 99 1
9 19 1
49 59 1
34 44 1
8 18 1
58 68 1
90 91 1
4 14 1
22 23 1
50 60 1
16 26 1
26 27 1
35 45 1
2 3 1
79 89 1
5 6 1
7 17 1
61 71 1
98 99 1
31 41 1
4 5 1
59 69 1
77 87 1
25 35 1
37 38 1
63 73 1
47 57 1
1 11 1
84 85 1
54 55 1
33 43 1
42 43 1
14 24 1
30 31 1
17 27 1
70 80 1
1 2 1
74 75 1
82 92 1
76 77 1
28 29 1
50 51 1
40 50 1
97 98 1
78 79 1
6 7 1
81 91 1
35 36 1
70 71 1
24 25 1
20 30 1
63 64 1
0 1 1
55 65 1
92 93 1
36 37 1
65 75 1
3 13 1
96 97 1
61 62 1
72 73 1
42 52 1
95 96 1
83 93 1
28 38 1
86 87 1
64 74 1
71 81 1
62 72 1
5 15 1
86 96 1
82 83 1
11 21 1
8 9 1
23 33 1
55 56 1
75 76 1
85 95 1
34 35 1
31 32 1
10 11 1
78 88 1
13 14 1
0 10 1
68 69 1
80 90 1
15 16 1
48 49 1
73 74 1
94 95 1
38 48 1
66 67 1
51 52 1
87 97 1
30 40 1
25 26 1
39 49 1
38 39 1
22 32 1
74 84 1
46 47 1
84 94 1
72 82 1
21 31 1
48 58 1
43 44 1
11 12 1
20 21 1
52 62 1
41 42 1
57 67 1
53 63 1
44 45 1
17 18 1
88 89 1
71 72 1
81 82 1
12 22 1
18 19 1
36 46 1
18 28 1
19 29 1
60 70 1
56 66 1
93 94 1
53 54 1
89 99 1
9 19 1
59 49 1
34 44 1
8 18 1
68 58 1
90 91 1
14 4 1
22 23 1
60 50 1
16 26 1
26 27 1
45 35 1
3 2 1
79 89 1
6 5 1
17 7 1
61 71 1
99 98 1
41 31 1
4 5 1
59 69 1
77 87 1
35 25 1
38 37 1
63 73 1
57 47 1
11 1 1
85 84 1
55 54 1
33 43 1
42 43 1
24 14 1
30 31 1
27 17 1
80 70 1
1 2 1
74 75 1
82 92 1
76 77 1
29 28 1
50 51 1
50 40 1
98 97 1
78 79 1
7 6 1
91 81 1
35 36 1
70 71 1
25 24 1
20 30 1
63 64 1
1 0 1
65 55 1
92 93 1
37 36 1
65 75 1
13 3 1
97 96 1
62 61 1
73 72 1
52 42 1
96 95 1
