100 144 108 55
60 70 1
98 99 1
39 49 1
9 19 1
37 38 1
7 17 1
48 58 1
96 97 1
69 79 1
15 16 1
85 95 1
51 61 1
56 57 1
2 12 1
50 51 1
0 1 1
1 2 1
92 93 1
75 76 1
22 32 1
76 77 1
8 18 1
6 16 1
66 67 1
82 83 1
20 21 1
63 73 1
16 26 1
65 75 1
76 86 1
89 99 1
67 77 1
87 97 1
41 42 1
80 81 1
37 47 1
5 6 1
46 47 1
91 92 1
34 44 1
44 54 1
13 23 1
86 96 1
87 88 1
80 90 1
2 3 1
78 88 1
83 84 1
27 28 1
40 50 1
53 54 1
63 64 1
17 18 1
94 95 1
61 62 1
11 21 1
81 82 1
72 82 1
52 53 1
90 91 1
32 33 1
95 96 1
62 72 1
47 57 1
33 34 1
88 98 1
5 15 1
73 74 1
79 89 1
22 23 1
26 36 1
49 59 1
64 74 1
97 98 1
84 85 1
31 32 1
66 76 1
36 37 1
74 84 1
29 39 1
28 38 1
70 80 1
18 19 1
45 46 1
0 10 1
33 43 1
20 30 1
54 64 1
24 25 1
84 94 1
88 89 1
34 35 1
23 24 1
59 69 1
53 63 1
28 29 1
16 17 1
62 63 1
42 43 1
86 87 1
58 59 1
71 81 1
19 29 1
70 71 1
77 78 1
47 48 1
14 15 1
13 14 1
57 58 1
24 34 1
55 65 1
68 69 1
45 55 1
10 20 1
3 13 1
67 68 1
12 13 1
40 41 1
8 9 1
1 11 1
25 35 1
82 92 1
74 75 1
93 94 1
14 24 1
17 27 1
56 66 1
30 31 1
57 67 1
10 11 1
7 8 1
65 66 1
31 41 1
85 86 1
3 4 1
41 51 1
55 56 1
43 44 1
12 22 1
50 60 1
4 5 1
23 33 1
42 52 1
18 28 1
60 70 1
98 99 1
49 39 1
19 9 1
38 37 1
17 7 1
48 58 1
96 97 1
69 79 1
15 16 1
95 85 1
51 61 1
57 56 1
12 2 1
50 51 1
0 1 1
1 2 1
92 93 1
75 76 1
22 32 1
76 77 1
8 18 1
16 6 1
67 66 1
83 82 1
21 20 1
63 73 1
26 16 1
65 75 1
86 76 1
99 89 1
77 67 1
87 97 1
41 42 1
81 80 1
47 37 1
5 6 1
46 47 1
92 91 1
34 44 1
54 44 1
13 23 1
96 86 1
87 88 1
80 90 1
3 2 1
88 78 1
84 83 1
27 28 1
50 40 1
54 53 1
64 63 1
18 17 1
94 95 1
62 61 1
11 21 1
81 82 1
72 82 1
52 53 1
90 91 1
32 33 1
95 96 1
62 72 1
47 57 1
33 34 1
88 98 1
15 5 1
73 74 1
89 79 1
22 23 1
26 36 1
59 49 1
74 64 1
97 98 1
85 84 1
31 32 1
66 76 1
37 36 1
74 84 1
39 29 1
38 28 1
80 70 1
19 18 1
46 45 1
10 0 1
33 43 1
30 20 1
54 64 1
24 25 1
84 94 1
88 89 1
34 35 1
23 24 1
69 59 1
63 53 1
28 29 1
17 16 1
62 63 1
43 42 1
86 87 1
59 58 1
81 71 1
29 19 1
71 70 1
78 77 1
48 47 1
15 14 1
14 13 1
