100 162 81 0
58 59 1
55 65 1
3 4 1
45 55 1
93 94 1
21 22 1
87 97 1
86 96 1
70 80 1
87 88 1
12 22 1
67 68 1
7 8 1
38 39 1
26 27 1
0 10 1
92 93 1
61 62 1
42 52 1
20 21 1
65 75 1
75 76 1
96 97 1
63 73 1
51 52 1
44 45 1
77 87 1
77 78 1
46 56 1
11 12 1
36 46 1
70 71 1
65 66 1
90 91 1
40 41 1
41 51 1
86 87 1
23 33 1
46 47 1
60 61 1
22 32 1
83 93 1
50 60 1
10 11 1
39 49 1
53 63 1
7 17 1
17 27 1
82 83 1
36 37 1
91 92 1
18 28 1
41 42 1
79 89 1
44 54 1
97 98 1
35 45 1
25 35 1
38 48 1
28 38 1
64 65 1
20 30 1
17 18 1
61 71 1
5 6 1
67 77 1
50 51 1
60 70 1
2 3 1
2 12 1
47 57 1
30 40 1
13 14 1
75 85 1
24 34 1
18 19 1
83 84 1
57 67 1
22 23 1
25 26 1
10 20 1
21 31 1
71 72 1
48 58 1
32 42 1
68 69 1
37 47 1
73 74 1
51 61 1
85 86 1
26 36 1
56 57 1
72 73 1
8 18 1
14 24 1
78 88 1
6 7 1
72 82 1
76 77 1
59 69 1
62 63 1
66 76 1
64 74 1
27 37 1
69 79 1
84 94 1
81 82 1
56 66 1
28 29 1
74 75 1
81 91 1
29 39 1
88 98 1
54 64 1
88 89 1
98 99 1
66 67 1
37 38 1
31 41 1
1 11 1
84 85 1
1 2 1
85 95 1
34 44 1
4 5 1
16 17 1
33 34 1
15 25 1
23 24 1
68 78 1
16 26 1
27 28 1
57 58 1
52 62 1
78 79 1
43 44 1
11 21 1
14 15 1
80 90 1
82 92 1
45 46 1
32 33 1
13 23 1
53 54 1
6 16 1
19 29 1
4 14 1
43 53 1
9 19 1
12 13 1
89 99 1
40 50 1
0 1 1
71 81 1
30 31 1
73 83 1
48 49 1
95 96 1
8 9 1
47 48 1
5 15 1
62 72 1
59 58 1
65 55 1
4 3 1
55 45 1
94 93 1
22 21 1
87 97 1
96 86 1
70 80 1
87 88 1
22 12 1
67 68 1
7 8 1
38 39 1
26 27 1
0 10 1
93 92 1
62 61 1
52 42 1
21 20 1
65 75 1
76 75 1
97 96 1
73 63 1
51 52 1
44 45 1
87 77 1
77 78 1
46 56 1
11 12 1
46 36 1
70 71 1
65 66 1
90 91 1
41 40 1
41 51 1
87 86 1
23 33 1
46 47 1
61 60 1
32 22 1
93 83 1
60 50 1
10 11 1
39 49 1
63 53 1
17 7 1
27 17 1
83 82 1
36 37 1
92 91 1
18 28 1
41 42 1
79 89 1
54 44 1
98 97 1
35 45 1
25 35 1
48 38 1
28 38 1
65 64 1
30 20 1
18 17 1
71 61 1
6 5 1
77 67 1
50 51 1
70 60 1
3 2 1
12 2 1
57 47 1
40 30 1
13 14 1
75 85 1
24 34 1
18 19 1
84 83 1
57 67 1
22 23 1
26 25 1
20 10 1
