100 162 122 55
66 67 1
91 92 1
82 83 1
18 19 1
41 42 1
47 57 1
22 23 1
67 77 1
96 97 1
61 62 1
32 42 1
87 97 1
39 49 1
14 15 1
85 86 1
48 58 1
36 37 1
61 71 1
41 51 1
83 93 1
28 29 1
60 70 1
7 17 1
46 47 1
16 26 1
5 6 1
1 11 1
2 12 1
68 78 1
11 12 1
5 15 1
19 29 1
3 4 1
81 91 1
25 35 1
2 3 1
15 25 1
23 33 1
38 48 1
93 94 1
87 88 1
88 89 1
71 72 1
33 43 1
43 44 1
86 96 1
30 40 1
12 13 1
34 35 1
20 30 1
45 55 1
54 55 1
92 93 1
76 77 1
11 21 1
53 63 1
69 79 1
44 45 1
67 68 1
35 36 1
51 52 1
38 39 1
74 75 1
4 14 1
16 17 1
18 28 1
24 34 1
29 39 1
56 57 1
51 61 1
44 54 1
77 87 1
17 18 1
97 98 1
26 27 1
63 64 1
1 2 1
21 31 1
20 21 1
47 48 1
26 36 1
55 56 1
9 19 1
94 95 1
27 28 1
55 65 1
43 53 1
54 64 1
30 31 1
81 82 1
50 60 1
27 37 1
32 33 1
80 90 1
23 24 1
88 98 1
89 99 1
4 5 1
66 76 1
6 16 1
33 34 1
75 76 1
90 91 1
76 86 1
37 38 1
80 81 1
46 56 1
3 13 1
75 85 1
25 26 1
95 96 1
49 59 1
78 88 1
7 8 1
57 67 1
14 24 1
45 46 1
52 62 1
8 9 1
98 99 1
73 83 1
62 63 1
58 59 1
42 43 1
37 47 1
84 94 1
36 46 1
40 41 1
13 23 1
72 73 1
28 38 1
71 81 1
86 87 1
0 10 1
84 85 1
6 7 1
48 49 1
50 51 1
31 41 1
53 54 1
0 1 1
77 78 1
8 18 1
74 84 1
65 75 1
68 69 1
12 22 1
24 25 1
60 61 1
59 69 1
57 58 1
62 72 1
34 44 1
85 95 1
78 79 1
42 52 1
17 27 1
79 89 1
40 50 1
10 11 1
70 80 1
13 14 1
67 66 1
92 91 1
82 83 1
18 19 1
42 41 1
57 47 1
23 22 1
77 67 1
97 96 1
61 62 1
32 42 1
97 87 1
49 39 1
14 15 1
86 85 1
58 48 1
36 37 1
61 71 1
41 51 1
93 83 1
28 29 1
70 60 1
17 7 1
47 46 1
26 16 1
5 6 1
11 1 1
2 12 1
68 78 1
12 11 1
15 5 1
19 29 1
3 4 1
91 81 1
35 25 1
2 3 1
25 15 1
23 33 1
38 48 1
93 94 1
88 87 1
89 88 1
72 71 1
33 43 1
44 43 1
96 86 1
30 40 1
12 13 1
34 35 1
30 20 1
55 45 1
54 55 1
92 93 1
77 76 1
11 21 1
53 63 1
79 69 1
45 44 1
68 67 1
35 36 1
51 52 1
39 38 1
74 75 1
4 14 1
16 17 1
28 18 1
24 34 1
29 39 1
57 56 1
61 51 1
54 44 1
87 77 1
17 18 1
98 97 1
26 27 1
64 63 1
2 1 1
21 31 1
20 21 1
47 48 1
26 36 1
55 56 1
9 19 1
94 95 1
27 28 1
65 55 1
43 53 1
64 54 1
31 30 1
81 82 1
50 60 1
27 37 1
33 32 1
90 80 1
23 24 1
98 88 1
89 99 1
5 4 1
76 66 1
16 6 1
33 34 1
75 76 1
91 90 1
76 86 1
37 38 1
81 80 1
46 56 1
3 13 1
85 75 1
26 25 1
95 96 1
49 59 1
78 88 1
7 8 1
57 67 1
24 14 1
46 45 1
52 62 1
8 9 1
99 98 1
83 73 1
63 62 1
