100 126 94 55
80 90 1
85 95 1
6 16 1
1 2 1
9 19 1
83 93 1
6 7 1
91 92 1
75 76 1
98 99 1
43 53 1
73 74 1
41 42 1
32 42 1
4 5 1
54 64 1
3 13 1
94 95 1
53 54 1
63 64 1
92 93 1
60 70 1
30 40 1
50 60 1
32 33 1
2 3 1
26 36 1
57 67 1
70 71 1
59 69 1
38 48 1
79 89 1
90 91 1
60 61 1
41 51 1
35 45 1
39 49 1
10 20 1
7 17 1
80 81 1
27 37 1
23 24 1
55 56 1
11 12 1
55 65 1
62 72 1
81 91 1
73 83 1
43 44 1
96 97 1
21 22 1
15 25 1
33 34 1
50 51 1
66 76 1
36 37 1
63 73 1
10 11 1
78 79 1
47 48 1
87 97 1
37 47 1
8 9 1
30 31 1
77 87 1
89 99 1
83 84 1
20 21 1
58 59 1
46 47 1
71 81 1
51 61 1
86 87 1
62 63 1
8 18 1
51 52 1
72 82 1
78 88 1
67 68 1
0 10 1
49 59 1
46 56 1
38 39 1
24 25 1
28 29 1
72 73 1
25 35 1
87 88 1
19 29 1
5 15 1
35 36 1
4 14 1
16 17 1
84 94 1
34 35 1
7 8 1
97 98 1
58 68 1
44 45 1
71 72 1
13 14 1
52 62 1
75 85 1
11 21 1
0 1 1
65 66 1
82 83 1
17 18 1
74 84 1
66 67 1
69 79 1
44 54 1
31 41 1
34 44 1
22 23 1
24 34 1
1 11 1
23 33 1
40 41 1
76 77 1
18 28 1
33 43 1
12 13 1
57 58 1
86 96 1
26 27 1
80 90 1
95 85 1
16 6 1
2 1 1
19 9 1
83 93 1
6 7 1
92 91 1
76 75 1
98 99 1
43 53 1
74 73 1
42 41 1
42 32 1
4 5 1
64 54 1
13 3 1
95 94 1
54 53 1
63 64 1
93 92 1
70 60 1
40 30 1
60 50 1
32 33 1
3 2 1
36 26 1
67 57 1
70 71 1
59 69 1
38 48 1
89 79 1
91 90 1
60 61 1
51 41 1
45 35 1
49 39 1
20 10 1
7 17 1
81 80 1
37 27 1
24 23 1
55 56 1
12 11 1
65 55 1
72 62 1
81 91 1
83 73 1
44 43 1
96 97 1
22 21 1
25 15 1
34 33 1
50 51 1
76 66 1
36 37 1
63 73 1
10 11 1
78 79 1
48 47 1
97 87 1
47 37 1
8 9 1
30 31 1
87 77 1
99 89 1
83 84 1
21 20 1
58 59 1
46 47 1
81 71 1
51 61 1
86 87 1
62 63 1
18 8 1
51 52 1
72 82 1
88 78 1
68 67 1
10 0 1
59 49 1
56 46 1
38 39 1
24 25 1
29 28 1
72 73 1
25 35 1
87 88 1
29 19 1
5 15 1
36 35 1
14 4 1
16 17 1
94 84 1
