100 126 63 55
0 10 1
80 90 1
19 29 1
61 62 1
69 79 1
16 26 1
5 6 1
60 70 1
94 95 1
82 92 1
38 39 1
42 43 1
9 19 1
34 35 1
68 69 1
58 68 1
39 49 1
33 34 1
84 94 1
88 89 1
64 74 1
73 74 1
64 65 1
15 25 1
87 97 1
14 24 1
42 52 1
17 18 1
90 91 1
83 93 1
55 56 1
37 38 1
84 85 1
11 12 1
52 53 1
51 52 1
7 17 1
70 80 1
70 71 1
10 20 1
48 58 1
53 63 1
56 57 1
50 51 1
22 23 1
61 71 1
20 21 1
77 78 1
4 14 1
66 76 1
30 40 1
44 45 1
31 32 1
23 24 1
86 87 1
27 37 1
45 55 1
21 22 1
97 98 1
26 27 1
78 79 1
35 45 1
18 28 1
21 31 1
22 32 1
80 81 1
65 75 1
65 66 1
44 54 1
43 53 1
31 41 1
47 57 1
28 38 1
46 56 1
6 7 1
71 72 1
3 13 1
63 73 1
47 48 1
37 47 1
12 22 1
72 73 1
25 26 1
36 46 1
4 5 1
85 95 1
1 2 1
81 91 1
95 96 1
58 59 1
11 21 1
75 76 1
67 77 1
1 11 1
62 63 1
62 72 1
8 9 1
40 41 1
15 16 1
92 93 1
54 55 1
56 66 1
89 99 1
14 15 1
72 82 1
28 29 1
59 69 1
48 49 1
32 33 1
57 58 1
98 99 1
88 98 1
17 27 1
57 67 1
50 60 1
0 1 1
12 13 1
78 88 1
35 36 1
7 8 1
27 28 1
86 96 1
83 84 1
2 3 1
53 54 1
30 31 1
0 10 1
90 80 1
19 29 1
61 62 1
79 69 1
26 16 1
5 6 1
70 60 1
95 94 1
92 82 1
38 39 1
42 43 1
9 19 1
34 35 1
68 69 1
58 68 1
39 49 1
33 34 1
94 84 1
88 89 1
74 64 1
73 74 1
64 65 1
15 25 1
97 87 1
24 14 1
52 42 1
17 18 1
91 90 1
83 93 1
56 55 1
37 38 1
84 85 1
12 11 1
53 52 1
52 51 1
7 17 1
80 70 1
71 70 1
10 20 1
48 58 1
63 53 1
57 56 1
51 50 1
23 22 1
71 61 1
21 20 1
78 77 1
14 4 1
66 76 1
30 40 1
44 45 1
31 32 1
23 24 1
87 86 1
27 37 1
45 55 1
21 22 1
98 97 1
27 26 1
78 79 1
45 35 1
18 28 1
