100 162 122 0
90 91 1
96 97 1
17 27 1
26 36 1
64 74 1
27 37 1
9 19 1
36 37 1
61 62 1
21 31 1
76 86 1
43 44 1
11 12 1
7 8 1
48 58 1
71 72 1
74 84 1
81 91 1
5 15 1
89 99 1
85 86 1
7 17 1
92 93 1
77 87 1
63 73 1
67 77 1
47 57 1
82 92 1
2 3 1
15 25 1
49 59 1
17 18 1
94 95 1
22 23 1
41 42 1
70 71 1
67 68 1
29 39 1
87 97 1
85 95 1
81 82 1
58 68 1
25 26 1
88 98 1
97 98 1
35 36 1
16 17 1
68 69 1
33 43 1
24 34 1
56 57 1
62 72 1
88 89 1
80 81 1
50 51 1
84 94 1
68 78 1
54 55 1
86 87 1
73 74 1
78 88 1
30 31 1
47 48 1
84 85 1
30 40 1
73 83 1
31 41 1
53 54 1
12 22 1
59 69 1
98 99 1
60 61 1
41 51 1
28 29 1
69 79 1
37 47 1
56 66 1
38 48 1
32 33 1
40 50 1
52 53 1
28 38 1
0 1 1
66 67 1
23 33 1
44 54 1
15 16 1
10 11 1
13 23 1
4 14 1
25 35 1
6 7 1
6 16 1
22 32 1
32 42 1
14 24 1
72 82 1
52 62 1
55 65 1
21 22 1
53 63 1
34 44 1
63 64 1
12 13 1
35 45 1
19 29 1
95 96 1
3 13 1
42 52 1
39 49 1
75 85 1
82 83 1
2 12 1
60 70 1
0 10 1
23 24 1
38 39 1
40 41 1
55 56 1
8 18 1
57 67 1
91 92 1
71 81 1
1 11 1
46 56 1
58 59 1
77 78 1
61 71 1
4 5 1
66 76 1
62 63 1
83 84 1
31 32 1
1 2 1
26 27 1
27 28 1
80 90 1
46 47 1
45 55 1
87 88 1
8 9 1
79 89 1
18 28 1
45 46 1
93 94 1
75 76 1
78 79 1
64 65 1
50 60 1
54 64 1
51 61 1
20 21 1
70 80 1
37 38 1
33 34 1
16 26 1
65 75 1
34 35 1
72 73 1
20 30 1
76 77 1
43 53 1
91 90 1
97 96 1
17 27 1
26 36 1
64 74 1
37 27 1
9 19 1
37 36 1
61 62 1
21 31 1
86 76 1
44 43 1
12 11 1
8 7 1
58 48 1
72 71 1
74 84 1
91 81 1
5 15 1
99 89 1
86 85 1
17 7 1
93 92 1
77 87 1
63 73 1
67 77 1
57 47 1
92 82 1
3 2 1
25 15 1
59 49 1
18 17 1
95 94 1
22 23 1
42 41 1
70 71 1
67 68 1
39 29 1
87 97 1
95 85 1
81 82 1
58 68 1
26 25 1
88 98 1
98 97 1
36 35 1
17 16 1
69 68 1
43 33 1
34 24 1
57 56 1
62 72 1
88 89 1
80 81 1
51 50 1
84 94 1
68 78 1
55 54 1
87 86 1
73 74 1
78 88 1
31 30 1
48 47 1
84 85 1
30 40 1
83 73 1
31 41 1
53 54 1
12 22 1
69 59 1
98 99 1
60 61 1
41 51 1
28 29 1
69 79 1
37 47 1
66 56 1
38 48 1
32 33 1
50 40 1
52 53 1
28 38 1
0 1 1
66 67 1
23 33 1
44 54 1
16 15 1
10 11 1
23 13 1
4 14 1
35 25 1
6 7 1
6 16 1
22 32 1
42 32 1
24 14 1
82 72 1
62 52 1
65 55 1
22 21 1
63 53 1
34 44 1
63 64 1
13 12 1
45 35 1
29 19 1
96 95 1
13 3 1
42 52 1
39 49 1
75 85 1
82 83 1
12 2 1
60 70 1
10 0 1
24 23 1
38 39 1
41 40 1
56 55 1
8 18 1
67 57 1
92 91 1
