100 108 81 0
82 92 1
98 99 1
94 95 1
34 44 1
89 99 1
49 59 1
31 41 1
10 20 1
81 91 1
93 94 1
8 9 1
54 64 1
27 28 1
82 83 1
14 24 1
74 75 1
50 60 1
46 47 1
30 40 1
75 85 1
74 84 1
96 97 1
5 6 1
36 37 1
8 18 1
57 58 1
63 64 1
56 66 1
58 68 1
38 39 1
18 28 1
68 69 1
35 45 1
29 39 1
0 1 1
79 89 1
31 32 1
23 33 1
51 52 1
60 70 1
70 71 1
1 11 1
88 89 1
54 55 1
9 19 1
78 79 1
80 81 1
25 26 1
45 46 1
41 42 1
84 94 1
16 17 1
56 57 1
52 53 1
15 25 1
67 77 1
90 91 1
62 63 1
19 29 1
42 43 1
26 36 1
33 34 1
12 22 1
3 4 1
92 93 1
72 73 1
21 22 1
43 53 1
23 24 1
4 5 1
59 69 1
40 50 1
66 67 1
7 17 1
2 3 1
66 76 1
20 21 1
38 48 1
48 49 1
0 10 1
88 98 1
27 37 1
32 42 1
85 86 1
2 12 1
13 14 1
77 87 1
11 21 1
76 86 1
25 35 1
73 83 1
30 31 1
61 62 1
15 16 1
65 66 1
97 98 1
80 90 1
6 7 1
61 71 1
47 57 1
77 78 1
62 72 1
55 65 1
50 51 1
86 87 1
44 45 1
3 13 1
95 96 1
92 82 1
98 99 1
95 94 1
34 44 1
89 99 1
49 59 1
31 41 1
10 20 1
81 91 1
93 94 1
9 8 1
54 64 1
28 27 1
82 83 1
14 24 1
74 75 1
60 50 1
46 47 1
30 40 1
85 75 1
74 84 1
96 97 1
5 6 1
36 37 1
18 8 1
58 57 1
64 63 1
66 56 1
68 58 1
39 38 1
18 28 1
68 69 1
35 45 1
29 39 1
1 0 1
79 89 1
31 32 1
33 23 1
52 51 1
60 70 1
70 71 1
11 1 1
89 88 1
54 55 1
9 19 1
79 78 1
80 81 1
26 25 1
46 45 1
41 42 1
84 94 1
17 16 1
56 57 1
52 53 1
25 15 1
67 77 1
91 90 1
63 62 1
29 19 1
42 43 1
26 36 1
33 34 1
12 22 1
4 3 1
92 93 1
72 73 1
22 21 1
43 53 1
23 24 1
5 4 1
69 59 1
50 40 1
66 67 1
7 17 1
2 3 1
66 76 1
21 20 1
38 48 1
49 48 1
10 0 1
98 88 1
